Timestamp	GPU Usage Percentage	GPU Total Mem Usage	GPU Total Mem Usage Percentage	Process Mem Usage
1627453943.4754617	0	1183	14.83	
1627453944.49955	0	1183	14.83	
1627453945.5232008	0	1183	14.83	
1627453946.5463023	0	1183	14.83	
1627453947.5642264	0	1183	14.83	
1627453948.578799	0	1364	17.09	
1627453949.5939445	5	1940	24.31	
1627453950.6084447	10	1183	14.83	
1627453951.6245782	21	1183	14.83	
1627453952.6449382	0	1183	14.83	
1627453953.6597433	0	1183	14.83	
1627453954.6784835	0	1183	14.83	
1627453955.693213	0	1564	19.6	
1627453956.70772	8	2110	26.44	
1627453957.7217097	10	1183	14.83	
1627453958.7362034	27	1334	16.72	
1627453959.751475	3	1912	23.96	
1627453960.765566	10	1183	14.83	
1627453961.7797976	23	1183	14.83	
1627453962.794182	0	1516	19.0	
1627453963.8099144	6	2060	25.82	
1627453964.8240335	10	1183	14.83	
1627453965.8399827	17	1378	17.27	
1627453966.854921	3	1944	24.36	
1627453967.8721652	10	1183	14.83	
1627453968.894473	30	1183	14.83	
1627453969.9093258	0	1183	14.83	
1627453970.926297	0	1183	14.83	
1627453971.9410436	0	1540	19.3	
1627453972.9571538	6	2076	26.02	
1627453973.971243	10	1183	14.83	
1627453974.9917717	24	1183	14.83	
1627453976.0066617	0	1183	14.83	
1627453977.0216465	0	1658	20.78	
1627453978.0363593	7	2190	27.45	
1627453979.0504458	9	1183	14.83	
1627453980.0657644	13	1540	19.3	
1627453981.0804567	5	2104	26.37	
1627453982.0959551	15	1183	14.83	
1627453983.1109805	0	1183	14.83	
1627453984.1268096	8	1744	21.86	
1627453985.1414223	10	2388	29.93	
1627453986.1577919	15	1183	14.83	
1627453987.1722498	5	1620	20.3	
1627453988.1882222	10	2164	27.12	
1627453989.2121036	28	1183	14.83	
1627453990.2332344	0	1183	14.83	
1627453991.2487707	0	1183	14.83	
1627453992.2637987	0	1183	14.83	
1627453993.2786155	7	1732	21.71	
1627453994.293965	10	3004	37.65	
1627453995.3081682	28	1183	14.83	
1627453996.3226545	2	1494	18.72	
1627453997.3373451	10	2076	26.02	
1627453998.3520281	25	1183	14.83	
1627453999.366937	0	1183	14.83	
1627454000.3832135	5	1700	21.31	
1627454001.3980653	10	2250	28.2	
1627454002.4144611	18	1183	14.83	
1627454003.4291623	3	1558	19.53	
1627454004.4439595	10	2122	26.59	
1627454005.4594634	17	1183	14.83	
1627454006.479936	0	1183	14.83	
1627454007.5027163	0	1183	14.83	
1627454008.5198665	0	1183	14.83	
1627454009.534147	2	1576	19.75	
1627454010.5502808	10	2136	26.77	
1627454011.5646772	33	1183	14.83	
1627454012.5855796	0	1183	14.83	
1627454013.6010056	0	1183	14.83	
1627454014.6173759	0	1183	14.83	
1627454015.6336486	0	1183	14.83	
1627454016.6492949	4	1698	21.28	
1627454017.6641262	10	2264	28.37	
1627454018.6782784	27	1183	14.83	
1627454019.6931696	0	1558	19.53	
1627454020.7080603	10	2114	26.49	
1627454021.723645	17	1183	14.83	
1627454022.7382767	12	1400	17.55	
1627454023.7535257	7	1940	24.31	
1627454024.7676797	10	1183	14.83	
1627454025.7835057	20	1183	14.83	
1627454026.7974305	0	1552	19.45	
1627454027.8142798	10	2118	26.54	
1627454028.8284178	14	1183	14.83	
1627454029.8477547	8	1744	21.86	
1627454030.8637938	10	4858	60.88	
1627454031.8802965	22	1183	14.83	
1627454032.9011986	0	1183	14.83	
1627454033.9320676	0	1183	14.83	
1627454034.9489932	0	1183	14.83	
1627454035.9752548	0	1183	14.83	
1627454036.9902458	3	1840	23.06	
1627454038.0064065	10	3166	39.68	
1627454039.0205142	32	1183	14.83	
1627454040.036599	0	1577	19.76	
1627454041.0512402	8	2125	26.63	
1627454042.06515	16	1182	14.81	
1627454043.0799384	13	1182	14.81	
1627454044.0949008	1	1773	22.22	
1627454045.121161	10	2387	29.92	
1627454046.135489	21	1182	14.81	
1627454047.1499527	0	1639	20.54	
1627454048.1668944	8	2189	27.43	
1627454049.1811092	14	1182	14.81	
1627454050.2018642	21	1182	14.81	
1627454051.2163768	0	1182	14.81	
1627454052.2354374	0	1182	14.81	
1627454053.2507389	0	1705	21.37	
1627454054.265863	9	2267	28.41	
1627454055.279979	20	1182	14.81	
1627454056.3118792	10	1182	14.81	
1627454057.3283246	0	1182	14.81	
1627454058.3450406	1	1851	23.2	
1627454059.3598344	10	3033	38.01	
1627454060.3738434	19	1182	14.81	
1627454061.3884423	0	1759	22.05	
1627454062.4033542	9	2385	29.89	
1627454063.4174793	12	1182	14.81	
1627454064.4388359	21	1182	14.81	
1627454065.454614	0	1182	14.81	
1627454066.469176	1	1339	16.78	
1627454067.484157	10	1883	23.6	
1627454068.4979253	27	3555	44.55	
1627454069.5142686	4	1182	14.81	
1627454070.5287416	3	1451	18.19	
1627454071.543557	10	1997	25.03	
1627454072.5574648	21	1182	14.81	
1627454073.572054	0	1329	16.66	
1627454074.5867348	10	1889	23.67	
1627454075.603683	21	1182	14.81	
1627454076.617712	10	1182	14.81	
1627454077.6326737	7	1739	21.79	
1627454078.6480985	10	2311	28.96	
1627454079.6664839	21	1182	14.81	
1627454080.6809738	0	1311	16.43	
1627454081.6964934	9	1893	23.72	
1627454082.7108452	11	1182	14.81	
1627454083.725788	6	1182	14.81	
1627454084.7403224	3	1531	19.19	
1627454085.7558396	10	2087	26.16	
1627454086.7700577	21	1182	14.81	
1627454087.7859638	0	1403	17.58	
1627454088.8014917	10	1969	24.68	
1627454089.815599	17	1182	14.81	
1627454090.845007	4	1182	14.81	
1627454091.8620722	0	1182	14.81	
1627454092.8771062	0	1463	18.34	
1627454093.892737	10	2003	25.1	
1627454094.906821	22	1182	14.81	
1627454095.9273155	13	1182	14.81	
1627454096.9427047	0	1182	14.81	
1627454097.9586828	0	1182	14.81	
1627454098.974062	2	1629	20.42	
1627454099.9889798	10	2193	27.48	
1627454101.0047514	28	1182	14.81	
1627454102.0195317	0	1381	17.31	
1627454103.0343316	7	1935	24.25	
1627454104.0485318	10	1182	14.81	
1627454105.063207	23	1182	14.81	
1627454106.0776305	5	1781	22.32	
1627454107.1034505	9	5699	71.42	
1627454108.1187499	23	1182	14.81	
1627454109.1331317	0	1405	17.61	
1627454110.1480467	7	1985	24.88	
1627454111.1620877	10	1182	14.81	
1627454112.1764557	12	1567	19.64	
1627454113.1909366	10	2145	26.88	
1627454114.2050645	18	1182	14.81	
1627454115.21976	4	1441	18.06	
1627454116.2344952	7	2027	25.4	
1627454117.2485223	10	1182	14.81	
1627454118.263397	21	1182	14.81	
1627454119.2774825	0	1651	20.69	
1627454120.2927978	10	2203	27.61	
1627454121.3069227	20	1182	14.81	
1627454122.3235843	3	1519	19.04	
1627454123.3414743	8	2109	26.43	
1627454124.3556738	10	1182	14.81	
1627454125.3702857	21	1182	14.81	
1627454126.3848453	0	1659	20.79	
1627454127.4007874	10	2245	28.14	
1627454128.4149935	19	1182	14.81	
1627454129.4315443	3	1559	19.54	
1627454130.4454327	8	2107	26.41	
1627454131.4610426	10	1182	14.81	
1627454132.4784005	25	1182	14.81	
1627454133.4928215	0	1182	14.81	
1627454134.5076792	0	1182	14.81	
1627454135.5233808	0	1695	21.24	
1627454136.5389059	10	3003	37.64	
1627454137.5530176	25	1182	14.81	
1627454138.567792	10	1499	18.79	
1627454139.5824842	5	2041	25.58	
1627454140.5964305	10	1182	14.81	
1627454141.6124322	22	1182	14.81	
1627454142.6285942	0	1655	20.74	
1627454143.6431496	8	2207	27.66	
1627454144.659175	10	1182	14.81	
1627454145.6729398	14	1533	19.21	
1627454146.6877458	5	2081	26.08	
1627454147.7018352	10	1182	14.81	
1627454148.723152	15	1182	14.81	
1627454149.7446618	0	1182	14.81	
1627454150.7645392	0	1182	14.81	
1627454151.7958083	0	1201	15.05	
1627454152.8104486	1	1853	23.22	
1627454153.8287363	23	7817	97.97	
1627454154.8510551	13	1182	14.81	
1627454155.8777988	0	1182	14.81	
1627454156.8928351	0	1182	14.81	
1627454157.9094355	0	1327	16.63	
1627454158.9242287	10	1895	23.75	
1627454159.9405737	25	3553	44.53	
1627454160.954896	5	1182	14.81	
1627454161.969533	7	1717	21.52	
1627454162.9846604	10	2381	29.84	
1627454163.9987924	23	1182	14.81	
1627454165.0133688	4	1585	19.86	
1627454166.0285318	9	2125	26.63	
1627454167.0427032	25	1182	14.81	
1627454168.0576742	0	1182	14.81	
1627454169.072977	6	1741	21.82	
1627454170.0884426	10	2387	29.92	
1627454171.1049194	12	1381	17.31	
1627454172.1200533	9	1929	24.18	
1627454173.1347556	18	1182	14.81	
1627454174.1571918	9	1182	14.81	
1627454175.1739748	0	1182	14.81	
1627454176.1957743	0	1182	14.81	
1627454177.2128837	0	1182	14.81	
1627454178.2276962	0	1387	17.38	
1627454179.242171	9	1951	24.45	
1627454180.256398	18	1182	14.81	
1627454181.2705824	18	1182	14.81	
1627454182.2854557	4	1719	21.54	
1627454183.3019404	10	2763	34.63	
1627454184.3203645	63	7125	89.3	
1627454185.3346996	97	7125	89.3	
1627454186.3493166	100	7109	89.1	
1627454187.3705568	36	1182	14.81	
1627454188.3917522	0	1182	14.81	
1627454189.412597	0	1182	14.81	
1627454190.4337735	0	1182	14.81	
1627454191.4589808	0	1182	14.81	
1627454192.4822893	0	1182	14.81	
1627454193.5060477	0	1182	14.81	
1627454194.529145	0	1182	14.81	
1627454195.552157	0	1182	14.81	
1627454196.5757673	0	1182	14.81	
1627454197.5957549	0	1182	14.81	
1627454198.6158006	0	1182	14.81	
1627454199.6358864	0	1182	14.81	
